0.035368744044188105135617661289870738983154296875000000000000 0.000295814366456426114382338710129261016845703125000000000000 0.000000175328370488614382338710129261016845703125000000000000
0.225158641802003955945110647007822990417480468750000000000000 0.000021030439206981554889352992177009582519531250000000000000 0.000000049604246044054889352992177009582519531250000000000000
0.087655969459699889512194204144179821014404296875000000000000 0.000206998985124329237805795855820178985595703125000000000000 0.000000051658464172987805795855820178985595703125000000000000
0.375338000244436642560685868375003337860107421875000000000000 0.000166493468942263689314131624996662139892578125000000000000 0.000000399536428830060685868375003337860107421875000000000000
0.598481526558359178125101607292890548706054687500000000000000 0.000530848319570509374898392707109451293945312500000000000000 0.000000605399648634374898392707109451293945312500000000000000
0.780803066685837876548248459585011005401611328125000000000000 0.000668865636033189048248459585011005401611328125000000000000 0.000000613734083998451751540414988994598388671875000000000000
0.934953734608154007901248405687510967254638671875000000000000 0.001005217762450882901248405687510967254638671875000000000000 0.000000045032958695401248405687510967254638671875000000000000
1.068485118304124625865370035171508789062500000000000000000000 0.002019740496507438365370035171508789062500000000000000000000 0.000000141705640999134629964828491210937500000000000000000000
1.186268147015223206608425243757665157318115234375000000000000 0.001892384075770081608425243757665157318115234375000000000000 0.000000294232020081608425243757665157318115234375000000000000
1.291628657117037448642804520204663276672363281250000000000000 0.001660166516451511142804520204663276672363281250000000000000 0.000000773205904636142804520204663276672363281250000000000000
1.386938832375840036092995433136820793151855468750000000000000 0.001902363869980661092995433136820793151855468750000000000000 0.000000737283066598592995433136820793151855468750000000000000
1.473950205578095307146213599480688571929931640625000000000000 0.002180872692353119646213599480688571929931640625000000000000 0.000000773205048432146213599480688571929931640625000000000000
1.553992910046275710556074045598506927490234375000000000000000 0.001599950451549148056074045598506927490234375000000000000000 0.000000315051380539443925954401493072509765625000000000000000
1.628100879454336791241075843572616577148437500000000000000000 0.000691898131094603741075843572616577148437500000000000000000 0.000000469422616333758924156427383422851562500000000000000000
1.697093748560241976974793942645192146301269531250000000000000 0.000665449610046664474793942645192146301269531250000000000000 0.000000215062804898025206057354807853698730468750000000000000
1.761632267613865820976570830680429935455322265625000000000000 0.000302616734959570976570830680429935455322265625000000000000 0.000000651697657616523429169319570064544677734375000000000000
1.822256887590327778525534085929393768310546875000000000000000 0.000378763044437846474465914070606231689453125000000000000000 0.000000799333491841025534085929393768310546875000000000000000
1.879415299796260541143055888824164867401123046875000000000000 0.000301573372684771356944111175835132598876953125000000000000 0.000000212288700396356944111175835132598876953125000000000000
1.933482519604844185323599958792328834533691406250000000000000 0.000251165845078560323599958792328834533691406250000000000000 0.000000604174452689676400041207671165466308593750000000000000
1.984775812676868866901713772676885128021240234375000000000000 0.000814707330189179401713772676885128021240234375000000000000 0.000000269463978241901713772676885128021240234375000000000000
2.033565975655189816961865290068089962005615234375000000000000 0.000591732491127316961865290068089962005615234375000000000000 0.000000454414955441961865290068089962005615234375000000000000
2.080085990208075941154675092548131942749023437500000000000000 0.001020667332099378654675092548131942749023437500000000000000 0.000000235813544691154675092548131942749023437500000000000000
2.124537751790740003343671560287475585937500000000000000000000 0.001191423055388440843671560287475585937500000000000000000000 0.000000669840119371656328439712524414062500000000000000000000
2.167097365302339539994136430323123931884765625000000000000000 0.001444136542573914994136430323123931884765625000000000000000 0.000000273627534852494136430323123931884765625000000000000000
2.207919358989645530755296931602060794830322265625000000000000 0.001563310405661155755296931602060794830322265625000000000000 0.000000715473245094244703068397939205169677734375000000000000
2.247140071373944891774954157881438732147216796875000000000000 0.001610896569257391774954157881438732147216796875000000000000 0.000000813025469170725045842118561267852783203125000000000000
2.284880398645086074793653097003698348999023437500000000000000 0.001374005212468887293653097003698348999023437500000000000000 0.000000714196843887293653097003698348999023437500000000000000
2.321248042154657298397069098427891731262207031250000000000000 0.001131999063836985897069098427891731262207031250000000000000 0.000000966024053639102930901572108268737792968750000000000000
2.356339361349895966668555047363042831420898437500000000000000 0.001135732809856904168555047363042831420898437500000000000000 0.000000860373333466668555047363042831420898437500000000000000
2.390240912449467458600338432006537914276123046875000000000000 0.001288657200444021100338432006537914276123046875000000000000 0.000000710475337228899661567993462085723876953125000000000000
2.423030734734940239150091656483709812164306640625000000000000 0.001493335442948051650091656483709812164306640625000000000000 0.000000118536544135849908343516290187835693359375000000000000
2.454779432545173278867878252640366554260253906250000000000000 0.001366422901618591367878252640366554260253906250000000000000 0.000000761280524841367878252640366554260253906250000000000000
2.485551090738994162165909074246883392333984375000000000000000 0.001176090738994162165909074246883392333984375000000000000000 0.000000743367451150334090925753116607666015625000000000000000
2.515404053445454479742693365551531314849853515625000000000000 0.000768967385884167242693365551531314849853515625000000000000 0.000000305886860729742693365551531314849853515625000000000000
2.544391589898662431323828059248626232147216796875000000000000 0.000579791802959306323828059248626232147216796875000000000000 0.000000042181415693676171940751373767852783203125000000000000
2.572562466468394148932929965667426586151123046875000000000000 0.000302563514292586432929965667426586151123046875000000000000 0.000000704918324601067070034332573413848876953125000000000000
2.599961440281212787795084295794367790222167968750000000000000 0.000300566868126850295084295794367790222167968750000000000000 0.000000794215857524704915704205632209777832031250000000000000
2.626629687007657310005015460774302482604980468750000000000000 0.000176287349454185005015460774302482604980468750000000000000 0.000000811275235435005015460774302482604980468750000000000000
2.652605173073592226273831329308450222015380859375000000000000 0.000475046120467226273831329308450222015380859375000000000000 0.000000116310896913773831329308450222015380859375000000000000
2.677922980737829306008279672823846340179443359375000000000000 0.000331656885290243508279672823846340179443359375000000000000 0.000000221776819131491720327176153659820556640625000000000000
2.702615593023494966473663225769996643066406250000000000000000 0.000295494146541841473663225769996643066406250000000000000000 0.000000144891544096026336774230003356933593750000000000000000
2.726713144313841041821433464065194129943847656250000000000000 0.000318490993528541821433464065194129943847656250000000000000 0.000000036228151145678566535934805870056152343750000000000000
2.750243641447244868913912796415388584136962890625000000000000 0.000417210172830806413912796415388584136962890625000000000000 0.000000499177755131086087203584611415863037109375000000000000
2.773233159407407555363533901982009410858154296875000000000000 0.000467046126157555363533901982009410858154296875000000000000 0.000000254288881507136466098017990589141845703125000000000000
2.795706015007052513965390971861779689788818359375000000000000 0.000549536125216576465390971861779689788818359375000000000000 0.000000219718966576465390971861779689788818359375000000000000
2.817684921484275406555752852000296115875244140625000000000000 0.000170501928611344055752852000296115875244140625000000000000 0.000000747900291031555752852000296115875244140625000000000000
2.839191126474133852752856910228729248046875000000000000000000 0.000346827157727602752856910228729248046875000000000000000000 0.000000310293444272247143089771270751953125000000000000000000
2.860244535449687930395157309249043464660644531250000000000000 0.000175260547344180395157309249043464660644531250000000000000 0.000000215526874569604842690750956535339355468750000000000000
2.880863822439508226125326473265886306762695312500000000000000 0.000439322927789476125326473265886306762695312500000000000000 0.000000632742242601125326473265886306762695312500000000000000
2.901066529553062878221680875867605209350585937500000000000000 0.000447022717125378221680875867605209350585937500000000000000 0.000000703137047253221680875867605209350585937500000000000000
2.920869156652774023541496717371046543121337890625000000000000 0.000512406164492773541496717371046543121337890625000000000000 0.000000670617733788958503282628953456878662109375000000000000
2.940287242321538485612109070643782615661621093750000000000000 0.000931392101811923112109070643782615661621093750000000000000 0.000000605968999423112109070643782615661621093750000000000000
2.959335437110642175184693769551813602447509765625000000000000 0.000866046241501550184693769551813602447509765625000000000000 0.000000109962204675184693769551813602447509765625000000000000
2.978027569947744979117487673647701740264892578125000000000000 0.000946271119619979117487673647701740264892578125000000000000 0.000000226197744979117487673647701740264892578125000000000000
2.996376708447474612739824806340038776397705078125000000000000 0.000672057568568362739824806340038776397705078125000000000000 0.000000670849818362739824806340038776397705078125000000000000
3.014395213787498306601264630444347858428955078125000000000000 0.000524974529685806601264630444347858428955078125000000000000 0.000000453655662369101264630444347858428955078125000000000000
3.032094790730006650392169831320643424987792968750000000000000 0.000537707600123837892169831320643424987792968750000000000000 0.000000164714329287107830168679356575012207031250000000000000
3.049486533290625800418638391420245170593261718750000000000000 0.000694647914649237918638391420245170593261718750000000000000 0.000000373012305487918638391420245170593261718750000000000000
3.066580966504446337239642161875963211059570312500000000000000 0.000914767773977587239642161875963211059570312500000000000000 0.000000759569772412760357838124036788940429687500000000000000
3.083388084679430818368928157724440097808837890625000000000000 0.000857109337633943368928157724440097808837890625000000000000 0.000000709801501130868928157724440097808837890625000000000000
3.099917386493867610397501266561448574066162109375000000000000 0.000843976459687922897501266561448574066162109375000000000000 0.000000978984648014602498733438551425933837890625000000000000
3.116177907233343091775168431922793388366699218750000000000000 0.001006474738225904275168431922793388366699218750000000000000 0.000000605339899095724831568077206611633300781250000000000000
3.132178248451960911324931657873094081878662109375000000000000 0.001046122597468723824931657873094081878662109375000000000000 0.000001011801945338675068342126905918121337890625000000000000
3.147926605296216706619816250167787075042724609375000000000000 0.000822341990552644119816250167787075042724609375000000000000 0.000000274729810456619816250167787075042724609375000000000000
3.163430791711618894623825326561927795410156250000000000000000 0.000907522058298582123825326561927795410156250000000000000000 0.000000375890920167876174673438072204589843750000000000000000
3.178698263725760142506260308437049388885498046875000000000000 0.001017294487478892506260308437049388885498046875000000000000 0.000000677666189830006260308437049388885498046875000000000000
3.193736140977144088992645265534520149230957031250000000000000 0.000836436997651901492645265534520149230957031250000000000000 0.000000889052152786007354734465479850769042968750000000000000
3.208551226653153065626611351035535335540771484375000000000000 0.000688372649246815626611351035535335540771484375000000000000 0.000000180207198496873388648964464664459228515625000000000000
3.223150025967793652625914546661078929901123046875000000000000 0.000571977261738965125914546661078929901123046875000000000000 0.000000227328104784874085453338921070098876953125000000000000
3.237538763316056389385266811586916446685791015625000000000000 0.000211187632462639385266811586916446685791015625000000000000 0.000000528065779548114733188413083553314208984375000000000000
3.251723398207641224644248723052442073822021484375000000000000 0.000447381972289662144248723052442073822021484375000000000000 0.000000844956421275355751276947557926177978515625000000000000
3.265709640084484277622323133982717990875244140625000000000000 0.000544311104992090122323133982717990875244140625000000000000 0.000000716744640527622323133982717990875244140625000000000000
3.279502962121668474537727888673543930053710937500000000000000 0.000494096765223162037727888673543930053710937500000000000000 0.000000093469324724537727888673543930053710937500000000000000
3.293108614084715668468561489135026931762695312500000000000000 0.000574739572996918468561489135026931762695312500000000000000 0.000000627634520355968561489135026931762695312500000000000000
3.306531634326820068281449493952095508575439453125000000000000 0.000819888110999755781449493952095508575439453125000000000000 0.000000271801109619218550506047904491424560546875000000000000
3.319776860988909561456239316612482070922851562500000000000000 0.000803319729143936456239316612482070922851562500000000000000 0.000000325954729873956239316612482070922851562500000000000000
3.332848942471304809487264719791710376739501953125000000000000 0.000808155728140746987264719791710376739501953125000000000000 0.000000560092171753012735280208289623260498046875000000000000
3.345752347223882594562383019365370273590087890625000000000000 0.000733960383062282062383019365370273590087890625000000000000 0.000000368840570530437616980634629726409912109375000000000000
3.358491372920003215085671399720013141632080078125000000000000 0.000571679926839152585671399720013141632080078125000000000000 0.000000524663004597414328600279986858367919921875000000000000
3.371070155047757310740053071640431880950927734375000000000000 0.000561961078030748240053071640431880950927734375000000000000 0.000000706768648939259946928359568119049072265625000000000000
3.383492674969417635111312847584486007690429687500000000000000 0.000682082318050447611312847584486007690429687500000000000000 0.000000748492496427388687152415513992309570312500000000000000
3.395762767485816624457584111951291561126708984375000000000000 0.000453319243629124457584111951291561126708984375000000000000 0.000000629730980250542415888048708438873291015625000000000000
3.407884127945166596873605158179998397827148437500000000000000 0.000588900894385346873605158179998397827148437500000000000000 0.000000469833153715626394841820001602172851562500000000000000
3.419860318920051156510453438386321067810058593750000000000000 0.000640348216926156510453438386321067810058593750000000000000 0.000000520923698843489546561613678932189941406250000000000000
3.431694776497099752532449201680719852447509765625000000000000 0.000416547737334127532449201680719852447509765625000000000000 0.000000745735381002532449201680719852447509765625000000000000
3.443390816191602255003090249374508857727050781250000000000000 0.000515907744336630003090249374508857727050781250000000000000 0.000000983735155557496909750625491142272949218750000000000000
3.454951638525947998914489289745688438415527343750000000000000 0.000804299658760498914489289745688438415527343750000000000000 0.000000601464286376085510710254311561584472656250000000000000
3.466380334284146158552175620570778846740722656250000000000000 0.000977731134732096052175620570778846740722656250000000000000 0.000000738713900716447824379429221153259277343750000000000000
3.477679889474146079919592011719942092895507812500000000000000 0.001058261666528892419592011719942092895507812500000000000000 0.000000316824682045080407988280057907104492187500000000000000
3.488853190009741922494868049398064613342285156250000000000000 0.001029703681616922494868049398064613342285156250000000000000 0.000000264580101827505131950601935386657714843750000000000000
3.499903026135097405813212390057742595672607421875000000000000 0.001179042370448968313212390057742595672607421875000000000000 0.000000300915370843313212390057742595672607421875000000000000
3.510832096607835239865380572155117988586425781250000000000000 0.001112247975022739865380572155117988586425781250000000000000 0.000000263722093052365380572155117988586425781250000000000000
3.521643012653566273684191401116549968719482421875000000000000 0.001165717731691273684191401116549968719482421875000000000000 0.000000327717042836184191401116549968719482421875000000000000
3.532338301713242145751792122609913349151611328125000000000000 0.001197020585312458251792122609913349151611328125000000000000 0.000000794356093791748207877390086650848388671875000000000000
3.542920410987793644608245813287794589996337890625000000000000 0.001326859352051457108245813287794589996337890625000000000000 0.000000655296386042891754186712205410003662109375000000000000
3.553391710800291036775888642296195030212402343750000000000000 0.001405016464353536775888642296195030212402343750000000000000 0.000000699478029275724111357703804969787597656250000000000000
3.563754497782333885425032349303364753723144531250000000000000 0.001470028177841697925032349303364753723144531250000000000000 0.000000537618056739574967650696635246276855468750000000000000
3.574010997896813535135152051225304603576660156250000000000000 0.001602321749352597635152051225304603576660156250000000000000 0.000000148897790097635152051225304603576660156250000000000000
3.584163369309361968362281913869082927703857421875000000000000 0.001475991379674468362281913869082927703857421875000000000000 0.000000296462122406637718086130917072296142578125000000000000
3.594213705112320411672044428996741771697998046875000000000000 0.001514654209000099172044428996741771697998046875000000000000 0.000000219394546974172044428996741771697998046875000000000000
3.604164035916518571411870652809739112854003906250000000000000 0.001653583646010758911870652809739112854003906250000000000000 0.000000087618637678588129347190260887145996093750000000000000
3.614016332311109636066248640418052673339843750000000000000000 0.001482762975172136066248640418052673339843750000000000000000 0.000000753087476823566248640418052673339843750000000000000000
3.623772507208947502022056141868233680725097656250000000000000 0.001528625983361564522056141868233680725097656250000000000000 0.000000839728478752022056141868233680725097656250000000000000
3.633434418073754557099164230749011039733886718750000000000000 0.001405838361840494599164230749011039733886718750000000000000 0.000000122419457682099164230749011039733886718750000000000000
3.643003869044374454233548021875321865081787109375000000000000 0.001242089259218204233548021875321865081787109375000000000000 0.000000405299257266733548021875321865081787109375000000000000
3.652482612953789953280647750943899154663085937500000000000000 0.001042946205743078280647750943899154663085937500000000000000 0.000000373496405359219352249056100845336914062500000000000000
3.661872353259507661960014957003295421600341796875000000000000 0.000987496081773286960014957003295421600341796875000000000000 0.000000510510023588039985042996704578399658203125000000000000
3.671174745878605705229347222484648227691650390625000000000000 0.001243334135441642729347222484648227691650390625000000000000 0.000000257173152107270652777515351772308349609375000000000000
3.680391400941491752973888651467859745025634765625000000000000 0.001178830751062065473888651467859745025634765625000000000000 0.000000089295983940473888651467859745025634765625000000000000
3.689523884463152825219367514364421367645263671875000000000000 0.001211353945574700219367514364421367645263671875000000000000 0.000000187563738762719367514364421367645263671875000000000000
3.698573719941911974729009671136736869812011718750000000000000 0.001111638032732287229009671136736869812011718750000000000000 0.000000346220197400270990328863263130187988281250000000000000
3.707542389884810773992285248823463916778564453125000000000000 0.001121491447310773992285248823463916778564453125000000000000 0.000000029548782976007714751176536083221435546875000000000000
3.716431337262701362078587408177554607391357421875000000000000 0.000878053571295112078587408177554607391357421875000000000000 0.000000673200201362078587408177554607391357421875000000000000
3.725241966906150281602094764821231365203857421875000000000000 0.000773735704978406602094764821231365203857421875000000000000 0.000000647839943468397905235178768634796142578125000000000000
3.733975646836785955429149908013641834259033203125000000000000 0.000626800401239080429149908013641834259033203125000000000000 0.000000717298956232070850091986358165740966796875000000000000
3.742633709542360520572401583194732666015625000000000000000000 0.000966915719118333072401583194732666015625000000000000000000 0.000000110037717604427598416805267333984375000000000000000000
3.751217453196939999315873137675225734710693359375000000000000 0.001020996287760311815873137675225734710693359375000000000000 0.000000564769205624315873137675225734710693359375000000000000
3.759728142828517860607462353073060512542724609375000000000000 0.001162240118556923107462353073060512542724609375000000000000 0.000000664801174110607462353073060512542724609375000000000000
3.768167011438944058454580954276025295257568359375000000000000 0.001237384974100308454580954276025295257568359375000000000000 0.000000484288595004045419045723974704742431640625000000000000
3.776535261074858595975456410087645053863525390625000000000000 0.001381147305327345975456410087645053863525390625000000000000 0.000000226895171095975456410087645053863525390625000000000000
3.784834063855228691863885615020990371704101562500000000000000 0.001548922864017754363885615020990371704101562500000000000000 0.000000155774174004363885615020990371704101562500000000000000
3.793064562957905394569024792872369289398193359375000000000000 0.001348941009663207069024792872369289398193359375000000000000 0.000000445526264769569024792872369289398193359375000000000000
3.801227873563735926154549815692007541656494140625000000000000 0.001312559843032801154549815692007541656494140625000000000000 0.000000303983657801154549815692007541656494140625000000000000
3.809325083763869912445443333126604557037353515625000000000000 0.001309260399612099945443333126604557037353515625000000000000 0.000000819237502724945443333126604557037353515625000000000000
3.817357255428838413990888511762022972106933593750000000000000 0.001261903255986851490888511762022972106933593750000000000000 0.000000761538935023509111488237977027893066406250000000000000
3.825325425046134597550917533226311206817626953125000000000000 0.001408036130118972550917533226311206817626953125000000000000 0.000000412839103347550917533226311206817626953125000000000000
3.833230604521801865303132217377424240112304687500000000000000 0.001275648467114365303132217377424240112304687500000000000000 0.000000367768237197196867782622575759887695312500000000000000
3.841073781951870103057444794103503227233886718750000000000000 0.001117498382534165557444794103503227233886718750000000000000 0.000000207916293959442555205896496772766113281250000000000000
3.848855922363821235876457649283111095428466796875000000000000 0.001224467896047798376457649283111095428466796875000000000000 0.000000049926217826623542350716888904571533203125000000000000
3.856577968427771452297747600823640823364257812500000000000000 0.001366710493201139797747600823640823364257812500000000000000 0.000000858476525422702252399176359176635742187500000000000000
3.864240841143949722891193232499063014984130859375000000000000 0.001295284503324722891193232499063014984130859375000000000000 0.000000194781645035391193232499063014984130859375000000000000
3.871845440500283785922874812968075275421142578125000000000000 0.001262859933877535922874812968075275421142578125000000000000 0.000000195138955660922874812968075275421142578125000000000000
3.879392646107138631350608193315565586090087890625000000000000 0.001266501697958943850608193315565586090087890625000000000000 0.000000022205771443850608193315565586090087890625000000000000
3.886883317808116800051720929332077503204345703125000000000000 0.001383363584483987551720929332077503204345703125000000000000 0.000000535825694925051720929332077503204345703125000000000000
3.894318296268149737215935601852834224700927734375000000000000 0.001373960330649737215935601852834224700927734375000000000000 0.000000669315024737215935601852834224700927734375000000000000
3.901698403538478743257655878551304340362548828125000000000000 0.001023583592189680757655878551304340362548828125000000000000 0.000000662623630631742344121448695659637451171875000000000000
3.909024443603883014475286472588777542114257812500000000000000 0.001187529541383014475286472588777542114257812500000000000000 0.000000748656859173024713527411222457885742187500000000000000
3.916297202906488195139900199137628078460693359375000000000000 0.001282935938714757639900199137628078460693359375000000000000 0.000000709691168054860099800862371921539306640625000000000000
3.923517450853790222708994406275451183319091796875000000000000 0.001093134447540222708994406275451183319091796875000000000000 0.000000223680938660208994406275451183319091796875000000000000
3.930685940306972270263941027224063873291015625000000000000000 0.000857296508144145263941027224063873291015625000000000000000 0.000001010376621479736058972775936126708984375000000000000000
3.937803408050324804889896768145263195037841796875000000000000 0.000677248382356054889896768145263195037841796875000000000000 0.000000139617707617389896768145263195037841796875000000000000
3.944870575248518917987894383259117603302001953125000000000000 0.000816925346175167987894383259117603302001953125000000000000 0.000000580131331417987894383259117603302001953125000000000000
3.951888147882531399091021739877760410308837890625000000000000 0.000735346368859524091021739877760410308837890625000000000000 0.000000890203406100908978260122239589691162109375000000000000
3.958856817174403630588130909018218517303466796875000000000000 0.000841375279872380588130909018218517303466796875000000000000 0.000000234532802068088130909018218517303466796875000000000000
3.965777259995078907195420470088720321655273437500000000000000 0.000660759140586719695420470088720321655273437500000000000000 0.000000816513633594695420470088720321655273437500000000000000
3.972650139259119583812207565642893314361572265625000000000000 0.000625221656580521312207565642893314361572265625000000000000 0.000000388694981978687792434357106685638427734375000000000000
3.979476104306215233918919693678617477416992187500000000000000 0.000538955258363671418919693678617477416992187500000000000000 0.000000824404722266081080306321382522583007812500000000000000
3.986255791268590087383927311748266220092773437500000000000000 0.000541832528355712383927311748266220092773437500000000000000 0.000000145516636962383927311748266220092773437500000000000000
3.992989823427304685310446075163781642913818359375000000000000 0.000705048647031247810446075163781642913818359375000000000000 0.000000670347109377189553924836218357086181640625000000000000
3.999678811555618551665247650817036628723144531250000000000000 0.000806054597610739165247650817036628723144531250000000000000 0.000000753874068948334752349182963371276855468750000000000000
4.006323354252021573529418674297630786895751953125000000000000 0.000908391483466886029418674297630786895751953125000000000000 0.000000493534248136029418674297630786895751953125000000000000
4.012924038261445502939750440418720245361328125000000000000000 0.000905834526093940439750440418720245361328125000000000000000 0.000000156074491997060249559581279754638671875000000000000000
4.019481438786083771219637128524482250213623046875000000000000 0.000959176212841583719637128524482250213623046875000000000000 0.000000220149463103780362871475517749786376953125000000000000
4.025996119786213967017829418182373046875000000000000000000000 0.000861079503010842017829418182373046875000000000000000000000 0.000000865269612404517829418182373046875000000000000000000000
4.032468634271058505191831500269472599029541015625000000000000 0.000734167718324130191831500269472599029541015625000000000000 0.000000161505308682308168499730527400970458984375000000000000
4.038899524580685351793363224714994430541992187500000000000000 0.000743015181271289293363224714994430541992187500000000000000 0.000000850785525585706636775285005569458007812500000000000000
4.045289322658920383446456980891525745391845703125000000000000 0.000985428615951633446456980891525745391845703125000000000000 0.000000670627212429053543019108474254608154296875000000000000
4.051638550317370857101195724681019783020019531250000000000000 0.001048035180652107101195724681019783020019531250000000000000 0.000001006567394767898804275318980216979980468750000000000000
4.057947719490645255291383364237844944000244140625000000000000 0.001064861214278067791383364237844944000244140625000000000000 0.000000560677168692791383364237844944000244140625000000000000
4.064217332484719946705808979459106922149658203125000000000000 0.001120332362649634205808979459106922149658203125000000000000 0.000000718715188696705808979459106922149658203125000000000000
4.070447882215997736921053729020059108734130859375000000000000 0.000934561293146174421053729020059108734130859375000000000000 0.000000039536931950578946270979940891265869140625000000000000
4.076639852444913003637338988482952117919921875000000000000000 0.000948629300381753637338988482952117919921875000000000000000 0.000000677029873941137338988482952117919921875000000000000000
4.082793718000448990324002807028591632843017578125000000000000 0.000998979230917740324002807028591632843017578125000000000000 0.000000471452676009675997192971408367156982421875000000000000
4.088909944998956547124180360697209835052490234375000000000000 0.000883898246026859624180360697209835052490234375000000000000 0.000000795829034672124180360697209835052490234375000000000000
4.094988991057078919766354374587535858154296875000000000000000 0.000977684294383607266354374587535858154296875000000000000000 0.000000785554249205233645625412464141845703125000000000000000
4.101031305494768020025730947963893413543701171875000000000000 0.000905039015275832525730947963893413543701171875000000000000 0.000000951585310104974269052036106586456298828125000000000000
4.107037329536701975030155153945088386535644531250000000000000 0.000786566597248850030155153945088386535644531250000000000000 0.000000738960530100030155153945088386535644531250000000000000
4.113007496505588278523646295070648193359375000000000000000000 0.000798176437228903523646295070648193359375000000000000000000 0.000001002639919533976353704929351806640625000000000000000000
4.118942232007775317015330074355006217956542968750000000000000 0.000610322828087817015330074355006217956542968750000000000000 0.000000028734412182984669925644993782043457031250000000000000
4.124841954117524522871462977491319179534912109375000000000000 0.000641133194672960371462977491319179534912109375000000000000 0.000000264054047960371462977491319179534912109375000000000000
4.130707073552731145582583849318325519561767578125000000000000 0.000616360051754583082583849318325519561767578125000000000000 0.000000286443356145582583849318325519561767578125000000000000
4.136537993846722827129269717261195182800292968750000000000000 0.000376189647504077129269717261195182800292968750000000000000 0.000000441966840014629269717261195182800292968750000000000000
4.142335111514231726914658793248236179351806640625000000000000 0.000430280581614539414658793248236179351806640625000000000000 0.000000780209401085585341206751763820648193359375000000000000
4.148098816214478290476108668372035026550292968750000000000000 0.000559677420532977976108668372035026550292968750000000000000 0.000000824271118915476108668372035026550292968750000000000000
4.153829490907114063702465500682592391967773437500000000000000 0.000488197572153126202465500682592391967773437500000000000000 0.000000083677846873797534499317407608032226562500000000000000
4.159527512005432470232335617765784263610839843750000000000000 0.000548096111877782732335617765784263610839843750000000000000 0.000000687054260595232335617765784263610839843750000000000000
4.165193249525042773484528879635035991668701171875000000000000 0.000465084852191210984528879635035991668701171875000000000000 0.000000308214215039015471120364964008331298828125000000000000
4.170827067227438789132065721787512302398681640625000000000000 0.000556147427634101632065721787512302398681640625000000000000 0.000000798373147148367934278212487697601318359375000000000000
4.176429322760419893256766954436898231506347656250000000000000 0.000520280402021455756766954436898231506347656250000000000000 0.000000425774736356743233045563101768493652343750000000000000
4.182000367794579176461411407217383384704589843750000000000000 0.000327317867821363961411407217383384704589843750000000000000 0.000000746097022386038588592782616615295410156250000000000000
4.187540548154810693404215271584689617156982421875000000000000 0.000467794248560693404215271584689617156982421875000000000000 0.000000493833521630904215271584689617156982421875000000000000
4.193050203950548393549979664385318756103515625000000000000000 0.000444231660509331049979664385318756103515625000000000000000 0.000000180570935981450020335614681243896484375000000000000000
4.198529669700207023197435773909091949462890625000000000000000 0.000327536521496085697435773909091949462890625000000000000000 0.000000527443347664302564226090908050537109375000000000000000
4.203979274452880332546556019224226474761962890625000000000000 0.000272533119872520046556019224226474761962890625000000000000 0.000000217734619667453443980775773525238037109375000000000000
4.209399341907463565348734846338629722595214843750000000000000 0.000231861438713565348734846338629722595214843750000000000000 0.000000835094489559651265153661370277404785156250000000000000
4.214790190527850199941894970834255218505859375000000000000000 0.000188673804217387441894970834255218505859375000000000000000 0.000000153710431050058105029165744781494140625000000000000000
4.220152133654831771991666755639016628265380859375000000000000 0.000028842639206771991666755639016628265380859375000000000000 0.000000232409714584491666755639016628265380859375000000000000
4.225485479616146733405912527814507484436035156250000000000000 0.000075018190365483405912527814507484436035156250000000000000 0.000000631593685795905912527814507484436035156250000000000000
4.230790531831960521458313451148569583892822265625000000000000 0.000138676363210521458313451148569583892822265625000000000000 0.000000560086984791041686548851430416107177734375000000000000
4.236067588918821513743750983849167823791503906250000000000000 0.000006858713014423756249016150832176208496093750000000000000 0.000000770681516826243750983849167823791503906250000000000000
4.241316944791250875823607202619314193725585937500000000000000 0.000006526278085061676392797380685806274414062500000000000000 0.000000804232186624176392797380685806274414062500000000000000
4.246538888758745855511733680032193660736083984375000000000000 0.000193368739214605511733680032193660736083984375000000000000 0.000000726527300543011733680032193660736083984375000000000000
4.251733705622264380963315488770604133605957031250000000000000 0.000232622248240943463315488770604133605957031250000000000000 0.000000074284962181536684511229395866394042968750000000000000
4.256901675767263526495298719964921474456787109375000000000000 0.000092441148122901495298719964921474456787109375000000000000 0.000001018934884911004701280035078525543212890625000000000000
4.262043075254510426930210087448358535766601562500000000000000 0.000024871519158864430210087448358535766601562500000000000000 0.000000075986932301930210087448358535766601562500000000000000
4.267158175908019046573826926760375499725341796875000000000000 0.000083590947081546573826926760375499725341796875000000000000 0.000000332392762203426173073239624500274658203125000000000000
4.272247245402382986867451108992099761962890625000000000000000 0.000000069050742013132548891007900238037109375000000000000000 0.000000069050742013132548891007900238037109375000000000000000
4.277310547346083069442101987078785896301269531250000000000000 0.000103774553330993057898012921214103698730468750000000000000 0.000000777727159118057898012921214103698730468750000000000000
4.282348341363228172440358321182429790496826171875000000000000 0.000125593560493797440358321182429790496826171875000000000000 0.000000291449271827559641678817570209503173828125000000000000
4.287360883174144987606268841773271560668945312500000000000000 0.000243878779613737606268841773271560668945312500000000000000 0.000000261845386262393731158226728439331054687500000000000000
4.292348424672685069936051149852573871612548828125000000000000 0.000175039052567882436051149852573871612548828125000000000000 0.000000437021650867563948850147426128387451171875000000000000
4.297311214002675683332199696451425552368164062500000000000000 0.000050929578847558332199696451425552368164062500000000000000 0.000000568834238379167800303548574447631835937500000000000000
4.302249495630984910121696884743869304656982421875000000000000 0.000096861963992722621696884743869304656982421875000000000000 0.000000412816280714878303115256130695343017578125000000000000
4.307163510421258223459517466835677623748779296875000000000000 0.000000271895867598459517466835677623748779296875000000000000 0.000000271895867598459517466835677623748779296875000000000000
4.312053495703466410304827149957418441772460937500000000000000 0.000019258202783589695172850042581558227539062500000000000000 0.000000184716455464695172850042581558227539062500000000000000
4.316919685342920587345361127518117427825927734375000000000000 0.000156044027196600154638872481882572174072265625000000000000 0.000000358560694024845361127518117427825927734375000000000000
4.321762309807059665445194696076214313507080078125000000000000 0.000112308723213772054805303923785686492919921875000000000000 0.000000224846122165445194696076214313507080078125000000000000
4.326581596231367399241207749582827091217041015625000000000000 0.000124336385820100758792250417172908782958984375000000000000 0.000000358724687288258792250417172908782958984375000000000000
4.331377768483331891502530197612941265106201171875000000000000 0.000086998972722795997469802387058734893798828125000000000000 0.000000739064386579002530197612941265106201171875000000000000
4.336151047224610977082193130627274513244628906250000000000000 0.000177459245115585417806869372725486755371093750000000000000 0.000000075822264022917806869372725486755371093750000000000000
4.340901649972032316782133420929312705993652343750000000000000 0.000040732840467683217866579070687294006347656250000000000000 0.000000678519178620717866579070687294006347656250000000000000
4.345629791156923715789162088185548782348632812500000000000000 0.000102142231142465789162088185548782348632812500000000000000 0.000000854595029409210837911814451217651367187500000000000000
4.350335682183199992323352489620447158813476562500000000000000 0.000060642510348429823352489620447158813476562500000000000000 0.000000392645901570176647510379552841186523437500000000000000
4.355019531484753514405383612029254436492919921875000000000000 0.000082931753308201905383612029254436492919921875000000000000 0.000000991586535548094616387970745563507080078125000000000000
4.359681544579569134612029301933944225311279296875000000000000 0.000110087670389447112029301933944225311279296875000000000000 0.000000538550313677887970698066055774688720703125000000000000
4.364321924125260210303167696110904216766357421875000000000000 0.000113702689713335303167696110904216766357421875000000000000 0.000000738228255414696832303889095783233642578125000000000000
4.368940869970888485340765328146517276763916015625000000000000 0.000130216284365047840765328146517276763916015625000000000000 0.000000516577333797840765328146517276763916015625000000000000
4.373538579209011345483304467052221298217773437500000000000000 0.000073994858425407983304467052221298217773437500000000000000 0.000000391738254279516695532947778701782226562500000000000000
4.378115246225831924675730988383293151855468750000000000000000 0.000103542734620987175730988383293151855468750000000000000000 0.000000545908449112175730988383293151855468750000000000000000
4.382671062751416712899299454875290393829345703125000000000000 0.000220958991651087899299454875290393829345703125000000000000 0.000000293449755162100700545124709606170654296875000000000000
4.387206217906705063569461344741284847259521484375000000000000 0.000207087657681626069461344741284847259521484375000000000000 0.000000813343294936430538655258715152740478515625000000000000
4.391720898251019633562464150600135326385498046875000000000000 0.000167019466839946062464150600135326385498046875000000000000 0.000000827212847553937535849399864673614501953125000000000000
4.396215287828756146382147562690079212188720703125000000000000 0.000173417711568646382147562690079212188720703125000000000000 0.000000151014017291117852437309920787811279296875000000000000
4.400689568213529412332718493416905403137207031250000000000000 0.000016655615873162332718493416905403137207031250000000000000 0.000000510521822150167281506583094596862792968750000000000000
4.405143918552912651875885785557329654693603515625000000000000 0.000053586521662651875885785557329654693603515625000000000000 0.000000180759943901875885785557329654693603515625000000000000
4.409578515610942162084029405377805233001708984375000000000000 0.000145150742778099584029405377805233001708984375000000000000 0.000000192246684349584029405377805233001708984375000000000000
4.413993533810362634994817199185490608215332031250000000000000 0.000220950802550134994817199185490608215332031250000000000000 0.000000301638856115005182800814509391784667968750000000000000
4.418389145273852847140005906112492084503173828125000000000000 0.000187698740649722140005906112492084503173828125000000000000 0.000000778574634097140005906112492084503173828125000000000000
4.422765519864082506273916806094348430633544921875000000000000 0.000295427090645006273916806094348430633544921875000000000000 0.000000211947440931226083193905651569366455078125000000000000
4.427122825223630542268438148312270641326904296875000000000000 0.000279182035153979768438148312270641326904296875000000000000 0.000000709134763354768438148312270641326904296875000000000000
4.431461226812931641916293301619589328765869140625000000000000 0.000318419806095704416293301619589328765869140625000000000000 0.000000107415583983083706698380410671234130859375000000000000
4.435780887948030937195653677918016910552978515625000000000000 0.000270252572054374695653677918016910552978515625000000000000 0.000000590933805000304346322081983089447021484375000000000000
4.440081969838178821419205632992088794708251953125000000000000 0.000108138661421008919205632992088794708251953125000000000000 0.000000580210649303580794367007911205291748046875000000000000
4.444364631621059658073136233724653720855712890625000000000000 0.000099266020473720573136233724653720855712890625000000000000 0.000000083891567470573136233724653720855712890625000000000000
4.448629030398443262583896284922957420349121093750000000000000 0.000058778933599512583896284922957420349121093750000000000000 0.000000348874017674916103715077042579650878906250000000000000
4.452875321270926889383190427906811237335205078125000000000000 0.000139420392020639383190427906811237335205078125000000000000 0.000000183941825326883190427906811237335205078125000000000000
4.457103657371504823458963073790073394775390625000000000000000 0.000146793968184510958963073790073394775390625000000000000000 0.000000071876542051541036926209926605224609375000000000000000
4.461314189899010074213947518728673458099365234375000000000000 0.000187862384361636713947518728673458099365234375000000000000 0.000000965130286800786052481271326541900634765625000000000000
4.465507068150284197827204479835927486419677734375000000000000 0.000055752284286114672795520164072513580322265625000000000000 0.000000439173934552172795520164072513580322265625000000000000
4.469682439552133956794932601042091846466064453125000000000000 0.000019327415639480705067398957908153533935546875000000000000 0.000000253929311355705067398957908153533935546875000000000000
4.473840449692080056820486788637936115264892578125000000000000 0.000070835708310568179513211362063884735107421875000000000000 0.000000263808896505679513211362063884735107421875000000000000
4.477981242349454049644918995909392833709716796875000000000000 0.000028935262850637855081004090607166290283203125000000000000 0.000000325033358450355081004090607166290283203125000000000000
4.482104959524708220897082355804741382598876953125000000000000 0.000061330758494904102917644195258617401123046875000000000000 0.000000295602244904102917644195258617401123046875000000000000
4.486211741468977720614930149167776107788085937500000000000000 0.000122105576920716885069850832223892211914062500000000000000 0.000000035264420716885069850832223892211914062500000000000000
4.490301726712210950154258171096444129943847656250000000000000 0.000104309664742174845741828903555870056152343750000000000000 0.000000594510062512654258171096444129943847656250000000000000
4.494375052091417188648847513832151889801025390625000000000000 0.000114617708387498851152486167848110198974609375000000000000 0.000000176790418748851152486167848110198974609375000000000000
4.498431852778892903188534546643495559692382812500000000000000 0.000149079838294596811465453356504440307617187500000000000000 0.000000306644935221811465453356504440307617187500000000000000
4.502472262307744443887713714502751827239990234375000000000000 0.000116009786982118612286285497248172760009765625000000000000 0.000000338479619443887713714502751827239990234375000000000000
4.506496412599442891178114223293960094451904296875000000000000 0.000017182981611796321885776706039905548095703125000000000000 0.000000016843916483821885776706039905548095703125000000000000
4.510504433988870687244343571364879608154296875000000000000000 0.000071236967386312244343571364879608154296875000000000000000 0.000000665067972249744343571364879608154296875000000000000000
4.514496455250501583122968440875411033630371093750000000000000 0.000145564137220333122968440875411033630371093750000000000000 0.000000605641126583122968440875411033630371093750000000000000
4.518472603622193162209441652521491050720214843750000000000000 0.000053337875122849709441652521491050720214843750000000000000 0.000000067886595900290558347478508949279785156250000000000000
4.522433004830578084920489345677196979522705078125000000000000 0.000143728707531209920489345677196979522705078125000000000000 0.000000677560070272420489345677196979522705078125000000000000
4.526377783113776587242682580836117267608642578125000000000000 0.000245199495612524742682580836117267608642578125000000000000 0.000000848478020287757317419163882732391357421875000000000000
4.530307061245942179539270000532269477844238281250000000000000 0.000394112637543742039270000532269477844238281250000000000000 0.000000708529448445460729999467730522155761718750000000000000
4.534220960559348867491280543617904186248779296875000000000000 0.000203397693137929991280543617904186248779296875000000000000 0.000000688610573007508719456382095813751220703125000000000000
4.538119600967362998744647484272718429565429687500000000000000 0.000178621963456748744647484272718429565429687500000000000000 0.000000668808027626255352515727281570434570312500000000000000
4.542003100986136132632964290678501129150390625000000000000000 0.000031894321097070132964290678501129150390625000000000000000 0.000000530605660742367035709321498870849609375000000000000000
4.545871577756557257998792920261621475219726562500000000000000 0.000034175412807257998792920261621475219726562500000000000000 0.000000156862583367001207079738378524780273437500000000000000
4.549725147065071695351434755139052867889404296875000000000000 0.000025363739876382851434755139052867889404296875000000000000 0.000000568207649820351434755139052867889404296875000000000000
4.553563923364837506824187585152685642242431640625000000000000 0.000072627538482805675812414847314357757568359375000000000000 0.000000148290435930675812414847314357757568359375000000000000
4.557388019795961753288793261162936687469482421875000000000000 0.000078487162046059211206738837063312530517578125000000000000 0.000000285868100746711206738837063312530517578125000000000000
4.561197548205342400251538492739200592041015625000000000000000 0.000123710339579474748461507260799407958984375000000000000000 0.000000267321553337751538492739200592041015625000000000000000
4.564992619166616805159719660878181457519531250000000000000000 0.000089359889273055159719660878181457519531250000000000000000 0.000000285496469132340280339121818542480468750000000000000000
4.568773341999293080561983515508472919464111328125000000000000 0.000040126667261830561983515508472919464111328125000000000000 0.000000072345972768061983515508472919464111328125000000000000
4.572539824787678952588976244442164897918701171875000000000000 0.000123519245686765088976244442164897918701171875000000000000 0.000000458415446047411023755557835102081298828125000000000000
4.576292174399192447253881255164742469787597656250000000000000 0.000219481528098697253881255164742469787597656250000000000000 0.000000136435325259753881255164742469787597656250000000000000
4.580030496502654813184562954120337963104248046875000000000000 0.000169809246795438184562954120337963104248046875000000000000 0.000000055218475125684562954120337963104248046875000000000000
4.583754895586867661450014566071331501007080078125000000000000 0.000163434405227036450014566071331501007080078125000000000000 0.000000597577194838549985433928668498992919921875000000000000
4.587465474976440304999414365738630294799804687500000000000000 0.000171850098510617499414365738630294799804687500000000000000 0.000000188721557492499414365738630294799804687500000000000000
4.591162336851006386950757587328553199768066406250000000000000 0.000136030698662636950757587328553199768066406250000000000000 0.000000608945732949450757587328553199768066406250000000000000
4.594845582260589367251668591052293777465820312500000000000000 0.000206757797698742251668591052293777465820312500000000000000 0.000000764145354992251668591052293777465820312500000000000000
4.598515311142790551457437686622142791748046875000000000000000 0.000225821396696801457437686622142791748046875000000000000000 0.000000754258024926457437686622142791748046875000000000000000
4.602171622339184864358685445040464401245117187500000000000000 0.000117026391919239358685445040464401245117187500000000000000 0.000000678125317676858685445040464401245117187500000000000000
4.605814613611165952988812932744622230529785156250000000000000 0.000219978601400327988812932744622230529785156250000000000000 0.000000633508626890488812932744622230529785156250000000000000
4.609444381655134037600873853079974651336669921875000000000000 0.000176193178571537600873853079974651336669921875000000000000 0.000000717104352787600873853079974651336669921875000000000000
4.613061022118866816299487254582345485687255859375000000000000 0.000071596459687128799487254582345485687255859375000000000000 0.000000882788359746200512745417654514312744140625000000000000
4.616664629615634396486711921170353889465332031250000000000000 0.000146608985751583986711921170353889465332031250000000000000 0.000000256858974978513288078829646110534667968750000000000000
4.620255297739952027313847793266177177429199218750000000000000 0.000193423350303589813847793266177177429199218750000000000000 0.000000781138389527313847793266177177429199218750000000000000
4.623833119081428577601400320418179035186767578125000000000000 0.000154911683967640101400320418179035186767578125000000000000 0.000000416444709827601400320418179035186767578125000000000000
4.627398185239524508460817742161452770233154296875000000000000 0.000185660825462008460817742161452770233154296875000000000000 0.000000648008079195960817742161452770233154296875000000000000
4.630950586837531801620571059174835681915283203125000000000000 0.000209467452766176620571059174835681915283203125000000000000 0.000000340896843198379428940825164318084716796875000000000000
4.634490413536468622623942792415618896484375000000000000000000 0.000197810997406122623942792415618896484375000000000000000000 0.000000553260406377376057207584381103515625000000000000000000
4.638017754048160412594370427541434764862060546875000000000000 0.000208000630191662594370427541434764862060546875000000000000 0.000000099629215100094370427541434764862060546875000000000000
4.641532696149472059232721221633255481719970703125000000000000 0.000348843000057996732721221633255481719970703125000000000000 0.000000201799746690767278778366744518280029296875000000000000
4.645035326694429755889359512366354465484619140625000000000000 0.000427782749117255889359512366354465484619140625000000000000 0.000000536655367255889359512366354465484619140625000000000000
4.648525731628044610488359467126429080963134765625000000000000 0.000368611877068047988359467126429080963134765625000000000000 0.000000493590935235488359467126429080963134765625000000000000
4.652003995998605034856154816225171089172363281250000000000000 0.000333540065987847356154816225171089172363281250000000000000 0.000000245944754340143845183774828910827636718750000000000000
4.655470203969137799049349268898367881774902343750000000000000 0.000233006093161236549349268898367881774902343750000000000000 0.000000309559958111549349268898367881774902343750000000000000
4.658924438831288483697790070436894893646240234375000000000000 0.000202515003163483697790070436894893646240234375000000000000 0.000000336048085358697790070436894893646240234375000000000000
4.662366783016263838135273545049130916595458984375000000000000 0.000177299373685713135273545049130916595458984375000000000000 0.000000084049165849364726454950869083404541015625000000000000
4.665797318107316016266850056126713752746582031250000000000000 0.000159348136612891266850056126713752746582031250000000000000 0.000000869148543358733149943873286247253417968750000000000000
4.669216124850276372626467491500079631805419921875000000000000 0.000226943331721685126467491500079631805419921875000000000000 0.000000031155583002373532508499920368194580078125000000000000
4.672623283165901142410803004167973995208740234375000000000000 0.000187522667854267410803004167973995208740234375000000000000 0.000000602501838642410803004167973995208740234375000000000000
4.676018872161453288072152645327150821685791015625000000000000 0.000231900115554850572152645327150821685791015625000000000000 0.000000796417648274427847354672849178314208984375000000000000
4.679402970139900475032845861278474330902099609375000000000000 0.000236176316658287532845861278474330902099609375000000000000 0.000000334913810462467154138721525669097900390625000000000000
4.682775654612807869625612511299550533294677734375000000000000 0.000129856883315682125612511299550533294677734375000000000000 0.000000157176284432125612511299550533294677734375000000000000
4.686137002309838095470695407129824161529541015625000000000000 0.000157159170189657970695407129824161529541015625000000000000 0.000000756582299032970695407129824161529541015625000000000000
4.689487089189505297781579429283738136291503906250000000000000 0.000075925859427172781579429283738136291503906250000000000000 0.000000368085885327218420570716261863708496093750000000000000
4.692825990449406958759936969727277755737304687500000000000000 0.000109391938664771259936969727277755737304687500000000000000 0.000000673066594458759936969727277755737304687500000000000000
4.696153780536697297520731808617711067199707031250000000000000 0.000160357074783235020731808617711067199707031250000000000000 0.000000139789626985020731808617711067199707031250000000000000
4.699470533157413143499070429243147373199462890625000000000000 0.000017152999813419000929570756852626800537109375000000000000 0.000000013137881893499070429243147373199462890625000000000000
4.702776321286489036310740630142390727996826171875000000000000 0.000077835207651588689259369857609272003173828125000000000000 0.000000366086293723810740630142390727996826171875000000000000
4.706071217177971277578762965276837348937988281250000000000000 0.000189463974372472421237034723162651062011718750000000000000 0.000000636459724034921237034723162651062011718750000000000000
4.709355292373690105023342766799032688140869140625000000000000 0.000216546005216144976657233200967311859130859375000000000000 0.000001015609708332476657233200967311859130859375000000000000
4.712628617713356504737021168693900108337402343750000000000000 0.000195250084495057762978831306099891662597656250000000000000 0.000000700523948182762978831306099891662597656250000000000000
4.715891263342879113906747079454362392425537109375000000000000 0.000184633873917761093252920545637607574462890625000000000000 0.000000378943465051406747079454362392425537109375000000000000
4.719143298723871282618347322568297386169433593750000000000000 0.000211330792730279881652677431702613830566406250000000000000 0.000000384905511907618347322568297386169433593750000000000000
4.722384792642746020874255918897688388824462890625000000000000 0.000095981283035229125744081102311611175537109375000000000000 0.000000613851394604125744081102311611175537109375000000000000
4.725615813218972505183046450838446617126464843750000000000000 0.000172303236105619816953549161553382873535156250000000000000 0.000000641859152494816953549161553382873535156250000000000000
4.728836427913758910790420486591756343841552734375000000000000 0.000203717960264526709579513408243656158447265625000000000000 0.000000368343446410790420486591756343841552734375000000000000
4.732046703538898668739420827478170394897460937500000000000000 0.000251193799968518760579172521829605102539062500000000000000 0.000000576219562731239420827478170394897460937500000000000000
4.735246706264366167715706978924572467803955078125000000000000 0.000076246006141644784293021075427532196044921875000000000000 0.000000047939170855215706978924572467803955078125000000000000
4.738436501627319330509635619819164276123046875000000000000000 0.000132758016235356990364380180835723876953125000000000000000 0.000000756388061518009635619819164276123046875000000000000000
4.741616154539681105006820871494710445404052734375000000000000 0.000174616944693894993179128505289554595947265625000000000000 0.000000859129524855006820871494710445404052734375000000000000
4.744785729295884380007919389754533767700195312500000000000000 0.000226554029310932492080610245466232299804687500000000000000 0.000000420457993755007919389754533767700195312500000000000000
4.747945289581171124382308335043489933013916015625000000000000 0.000240821869024188117691664956510066986083984375000000000000 0.000000495941289813117691664956510066986083984375000000000000
4.751094898479173878058645641431212425231933593750000000000000 0.000142970783521434441354358568787574768066406250000000000000 0.000000080363939503058645641431212425231933593750000000000000
4.754234618478864859980603796429932117462158203125000000000000 0.000209503835588265019396203570067882537841796875000000000000 0.000000304514021109980603796429932117462158203125000000000000
4.757364511482890634397335816174745559692382812500000000000000 0.000257253653828115602664183825254440307617187500000000000000 0.000000238411601571897335816174745559692382812500000000000000
4.760484638814222790870189783163368701934814453125000000000000 0.000242289896714709129810216836631298065185546875000000000000 0.000000056620347521629810216836631298065185546875000000000000
4.763595061223725224408553913235664367675781250000000000000000 0.000204606134673213091446086764335632324218750000000000000000 0.000000519830962275591446086764335632324218750000000000000000
4.766695838897295089964245562441647052764892578125000000000000 0.000134605438642410035754437558352947235107421875000000000000 0.000000816314287277464245562441647052764892578125000000000000
4.769787031462026760664230096153914928436279296875000000000000 0.000081819245981051835769903846085071563720703125000000000000 0.000000196745229885664230096153914928436279296875000000000000
4.772868697994777420490208896808326244354248046875000000000000 0.000028198116847732990208896808326244354248046875000000000000 0.000000412112644454509791103191673755645751953125000000000000
4.775940897026980991313394042663276195526123046875000000000000 0.000147821465457553813394042663276195526123046875000000000000 0.000000951727901821186605957336723804473876953125000000000000
4.779003686552819374355749459937214851379394531250000000000000 0.000025338774499061855749459937214851379394531250000000000000 0.000000543242272499355749459937214851379394531250000000000000
4.782057124035191009170375764369964599609375000000000000000000 0.000030202014613678329624235630035400390625000000000000000000 0.000000315563511321670375764369964599609375000000000000000000
4.785101266411704301617646706290543079376220703125000000000000 0.000085501166420698382353293709456920623779296875000000000000 0.000000329522055864117646706290543079376220703125000000000000
4.788136170102333721843024250119924545288085937500000000000000 0.000071837710166278156975749880075454711914062500000000000000 0.000000641537880596843024250119924545288085937500000000000000
4.791161891014191098747687647119164466857910156250000000000000 0.000048283546355776252312352880835533142089843750000000000000 0.000000599830535463752312352880835533142089843750000000000000
4.794178484548876184589971671812236309051513671875000000000000 0.000017641653368372089971671812236309051513671875000000000000 0.000000475515673059589971671812236309051513671875000000000000
4.797186005608295999991241842508316040039062500000000000000000 0.000032532707905374991241842508316040039062500000000000000000 0.000000107781147562491241842508316040039062500000000000000000
4.800184508600207067274823202751576900482177734375000000000000 0.000107070245714879774823202751576900482177734375000000000000 0.000000258722277379774823202751576900482177734375000000000000
4.803174047443960148484620731323957443237304687500000000000000 0.000084905598257023484620731323957443237304687500000000000000 0.000000925090219539015379268676042556762695312500000000000000
4.806154675577616330883756745606660842895507812500000000000000 0.000134997273946169116243254393339157104492187500000000000000 0.000000424478983518383756745606660842895507812500000000000000
4.809126445962366602770998724736273288726806640625000000000000 0.000153949545445897229001275263726711273193359375000000000000 0.000000545693811915270998724736273288726806640625000000000000
4.812089411088560808593683759681880474090576171875000000000000 0.000130208662415753906316240318119525909423828125000000000000 0.000000508955384503906316240318119525909423828125000000000000
4.815043622981626469936600187793374061584472656250000000000000 0.000046556461732905063399812206625938415527343750000000000000 0.000000780094545405063399812206625938415527343750000000000000
4.817989133207081664522775099612772464752197265625000000000000 0.000121854154347289522775099612772464752197265625000000000000 0.000000216158152710477224900387227535247802734375000000000000
4.820925992876013310706184711307287216186523437500000000000000 0.000006956010778935706184711307287216186523437500000000000000 0.000000673383752314293815288692712783813476562500000000000000
4.823854252650846774486126378178596496582031250000000000000000 0.000080302402864163013873621821403503417968750000000000000000 0.000000193760286038013873621821403503417968750000000000000000
4.826773962749939528293907642364501953125000000000000000000000 0.000090279803771409206092357635498046875000000000000000000000 0.000000634418029221706092357635498046875000000000000000000000
4.829685172953116278904417413286864757537841796875000000000000 0.000009498514639716404417413286864757537841796875000000000000 0.000000038228524346095582586713135242462158203125000000000000
4.832587932607008696095363120548427104949951171875000000000000 0.000116611460374116404636879451572895050048828125000000000000 0.000000263193772553904636879451572895050048828125000000000000
4.835482290629165902373642893508076667785644531250000000000000 0.000088998433334097626357106491923332214355468750000000000000 0.000000646952408089873642893508076667785644531250000000000000
4.838368295514065664519876008853316307067871093750000000000000 0.000012518084567147980123991146683692932128906250000000000000 0.000000833355862539519876008853316307067871093750000000000000
4.841245995337523311263794312253594398498535156250000000000000 0.000114096825562626236205687746405601501464843750000000000000 0.000000344092406123763794312253594398498535156250000000000000
4.844115437761491449464301695115864276885986328125000000000000 0.000040827497297613035698304884135723114013671875000000000000 0.000000773176008550535698304884135723114013671875000000000000
4.846976670038284140673567890189588069915771484375000000000000 0.000080672491012734326432109810411930084228515625000000000000 0.000000563848434609326432109810411930084228515625000000000000
4.849829739016541907403734512627124786376953125000000000000000 0.000046664792051842596265487372875213623046875000000000000000 0.000000888424864342596265487372875213623046875000000000000000
4.852674691144656549113278742879629135131835937500000000000000 0.000016959245968450886721257120370864868164062500000000000000 0.000000206891726861613278742879629135131835937500000000000000
4.855511572475986525887492462061345577239990234375000000000000 0.000226113681240036612507537938654422760009765625000000000000 0.000000860806064650887492462061345577239990234375000000000000
4.858340428672292432565882336348295211791992187500000000000000 0.000305964149973192434117663651704788208007812500000000000000 0.000000788368723192434117663651704788208007812500000000000000
4.861161305010003985671573900617659091949462890625000000000000 0.000250743329839764328426099382340908050537109375000000000000 0.000000880658941326828426099382340908050537109375000000000000
4.863974246382614552430823096074163913726806640625000000000000 0.000287380814651072569176903925836086273193359375000000000000 0.000000628828903614930823096074163913726806640625000000000000
4.866779297306322860094951465725898742675781250000000000000000 0.000251800105786514905048534274101257324218750000000000000000 0.000000030086255264905048534274101257324218750000000000000000
4.869576501923429390217279433272778987884521484375000000000000 0.000145864409578422282720566727221012115478515625000000000000 0.000000905913484672282720566727221012115478515625000000000000
4.872365904007146752974222181364893913269042968750000000000000 0.000160264816095434525777818635106086730957031250000000000000 0.000000047530939184525777818635106086730957031250000000000000
4.875147546965191480694556958042085170745849609375000000000000 0.000306402009417894305443041957914829254150390625000000000000 0.000000681120464918194556958042085170745849609375000000000000
4.877921473844068600556056480854749679565429687500000000000000 0.000212299959642336943943519145250320434570312500000000000000 0.000000584261400149443943519145250320434570312500000000000000
4.880687727333196335166576318442821502685546875000000000000000 0.000221238731256789833423681557178497314453125000000000000000 0.000000013710149460166576318442821502685546875000000000000000
4.883446349768419736392388585954904556274414062500000000000000 0.000275955529431826107611414045095443725585937500000000000000 0.000000610022325986392388585954904556274414062500000000000000
4.886197383136494210020828177221119403839111328125000000000000 0.000094120769755789979171822778880596160888671875000000000000 0.000000660686747977479171822778880596160888671875000000000000
4.888940869078499673605620046146214008331298828125000000000000 0.000154437317984701394379953853785991668701171875000000000000 0.000000057921273111105620046146214008331298828125000000000000
4.891676848893595774825371336191892623901367187500000000000000 0.000210815901326100174628663808107376098632812500000000000000 0.000001007551716725174628663808107376098632812500000000000000
4.894405363543022247085900744423270225524902343750000000000000 0.000205995099555877914099255576729774475097656250000000000000 0.000000001447212127914099255576729774475097656250000000000000
4.897126453653800837173548643477261066436767578125000000000000 0.000250560506355412826451356522738933563232421875000000000000 0.000000697835456975326451356522738933563232421875000000000000
4.899840159521609450621326686814427375793457031250000000000000 0.000340657128781174378673313185572624206542968750000000000000 0.000000758276492263121326686814427375793457031250000000000000
4.902546521115752398145559709519147872924804687500000000000000 0.000344637941864789354440290480852127075195312500000000000000 0.000000592160674273145559709519147872924804687500000000000000
4.905245578081327550989954033866524696350097656250000000000000 0.000287258832734949010045966133475303649902343750000000000000 0.000000750810819738489954033866524696350097656250000000000000
4.907937369743372357788757653906941413879394531250000000000000 0.000195183357213579711242346093058586120605468750000000000000 0.000000633796666704711242346093058586120605468750000000000000
4.910621935110555114079033955931663513183593750000000000000000 0.000203794259562073420966044068336486816406250000000000000000 0.000000292044148864079033955931663513183593750000000000000000
4.913299312877612123884318862110376358032226562500000000000000 0.000185260486645688615681137889623641967773437500000000000000 0.000000247669262876115681137889623641967773437500000000000000
4.915969541429973332924419082701206207275390625000000000000000 0.000152895093464167075580917298793792724609375000000000000000 0.000000307202839167075580917298793792724609375000000000000000
4.918632658846004090946735232137143611907958984375000000000000 0.000276414029972471553264767862856388092041015625000000000000 0.000000151521785340946735232137143611907958984375000000000000
4.921288702900550759977704728953540325164794921875000000000000 0.000468041484214865022295271046459674835205078125000000000000 0.000000741069175802522295271046459674835205078125000000000000
4.923937711068646194689790718257427215576171875000000000000000 0.000384417227252242810209281742572784423828125000000000000000 0.000000867196575882189790718257427215576171875000000000000000
4.926579720527922034989387611858546733856201171875000000000000 0.000302069633210777510612388141453266143798828125000000000000 0.000000708549226402510612388141453266143798828125000000000000
4.929214768162658799610653659328818321228027343750000000000000 0.000444121607849012889346340671181678771972656250000000000000 0.000000290623596299610653659328818321228027343750000000000000
4.931842890565665271651596412993967533111572265625000000000000 0.000406178648201915848403587006032466888427734375000000000000 0.000000086610587146651596412993967533111572265625000000000000
4.934464124042062138641995261423289775848388671875000000000000 0.000432345074148798858004738576710224151611328125000000000000 0.000000623065499638641995261423289775848388671875000000000000
4.937078504612710361243443912826478481292724609375000000000000 0.000377626368734951256556087173521518707275390625000000000000 0.000000028660561923743443912826478481292724609375000000000000
4.939686068016278852610412286594510078430175781250000000000000 0.000400296729814897389587713405489921569824218750000000000000 0.000000246483075727610412286594510078430175781250000000000000
4.942286849712985485894023440778255462646484375000000000000000 0.000326751971584826605976559221744537353515625000000000000000 0.000000595355373889105976559221744537353515625000000000000000
4.944880884886611482897933456115424633026123046875000000000000 0.000176030396591642102066543884575366973876953125000000000000 0.000000554322372892102066543884575366973876953125000000000000
4.947468208448327686710399575531482696533203125000000000000000 0.000060630663000438289600424468517303466796875000000000000000 0.000000404493249561710399575531482696533203125000000000000000
4.950048855038286177432382828556001186370849609375000000000000 0.000045367984174760067617171443998813629150390625000000000000 0.000000408383012739932382828556001186370849609375000000000000
4.952622859030103796840194263495504856109619140625000000000000 0.000028101950025671840194263495504856109619140625000000000000 0.000000508279466515659805736504495143890380859375000000000000
4.955190254532112703600432723760604858398437500000000000000000 0.000019477523551358899567276239395141601562500000000000000000 0.000000404037223233899567276239395141601562500000000000000000
4.957751075390422812461110879667103290557861328125000000000000 0.000092705127155312538889120332896709442138671875000000000000 0.000000754955852499961110879667103290557861328125000000000000
4.960305355192367926520091714337468147277832031250000000000000 0.000031329988296135979908285662531852722167968750000000000000 0.000000812410171135979908285662531852722167968750000000000000
4.962853127267838004854638711549341678619384765625000000000000 0.000060385915755745145361288450658321380615234375000000000000 0.000000649240494254854638711549341678619384765625000000000000
4.965394424693386099534109234809875488281250000000000000000000 0.000065398915012337965890765190124511718750000000000000000000 0.000000549061496712965890765190124511718750000000000000000000
4.967929280293109428612297051586210727691650390625000000000000 0.000101649272320258887702948413789272308349609375000000000000 0.000000559794781196387702948413789272308349609375000000000000
4.970457726643385143461273401044309139251708984375000000000000 0.000209158732591419038726598955690860748291015625000000000000 0.000000649617017955961273401044309139251708984375000000000000
4.972979796072792169070453383028507232666015625000000000000000 0.000197160103965643429546616971492767333984375000000000000000 0.000000703194785955929546616971492767333984375000000000000000
4.975495520667106319478989462368190288543701171875000000000000 0.000227745934456180521010537631809711456298828125000000000000 0.000000771447151493021010537631809711456298828125000000000000
4.978004932269296745062092668376863002777099609375000000000000 0.000365734234609504937907331623136997222900390625000000000000 0.000000476702890495062092668376863002777099609375000000000000
4.980508062484386044843631680123507976531982421875000000000000 0.000340249893543642656368319876492023468017578125000000000000 0.000000741836903017656368319876492023468017578125000000000000
4.983004942679844617714479682035744190216064453125000000000000 0.000265702461756944785520317964255809783935546875000000000000 0.000000581001796007285520317964255809783935546875000000000000
4.985495603989239299380642478354275226593017578125000000000000 0.000250779677752888119357521645724773406982421875000000000000 0.000000917006854450619357521645724773406982421875000000000000
4.987980077313668658689493895508348941802978515625000000000000 0.000198175860159466310506104491651058197021484375000000000000 0.000000188397653033689493895508348941802978515625000000000000
4.990458393325159391906709061004221439361572265625000000000000 0.000262355576207795593290938995778560638427734375000000000000 0.000000858535120329406709061004221439361572265625000000000000
4.992930582467430156157206511124968528747558593750000000000000 0.000279256399757343842793488875031471252441406250000000000000 0.000000783499366718842793488875031471252441406250000000000000
4.995396674959582838937421911396086215972900390625000000000000 0.000456749112682786062578088603913784027099609375000000000000 0.000000892789440598562578088603913784027099609375000000000000
4.997856700797495221877397852949798107147216796875000000000000 0.000506794075551653122602147050201892852783203125000000000000 0.000000560660776471877397852949798107147216796875000000000000
5.000310689756130244632004178129136562347412109375000000000000 0.000478952577854130367995821870863437652587890625000000000000 0.000000208071018192867995821870863437652587890625000000000000
5.002758671391632105951430276036262512207031250000000000000000 0.000474284540985081548569723963737487792968750000000000000000 0.000000645268585230951430276036262512207031250000000000000000
5.005200675044282121461947099305689334869384765625000000000000 0.000599572148100691038052900694310665130615234375000000000000 0.000000664677397566038052900694310665130615234375000000000000
5.007636729839141764841770054772496223449707031250000000000000 0.000557239887420735158229945227503776550292968750000000000000 0.000000294086639485158229945227503776550292968750000000000000
5.010066864689569854363071499392390251159667968750000000000000 0.000507476130742645636928500607609748840332031250000000000000 0.000000121394414520636928500607609748840332031250000000000000
5.012491108298277708854584489017724990844726562500000000000000 0.000444530129456666145415510982275009155273437500000000000000 0.000000117898011353645415510982275009155273437500000000000000
5.014909489159482092190955881960690021514892578125000000000000 0.000423686499697595309044118039309978485107421875000000000000 0.000000255103213220309044118039309978485107421875000000000000
5.017322035561868176500865956768393516540527343750000000000000 0.000425843466452135999134043231606483459472656250000000000000 0.000000504721334948499134043231606483459472656250000000000000
5.019728775589815228386214585043489933013916015625000000000000 0.000550155074247271613785414956510066986083984375000000000000 0.000000838667997271613785414956510066986083984375000000000000
5.022129737124227943922960548661649227142333984375000000000000 0.000680245175576743577039451338350772857666015625000000000000 0.000000678286337318922960548661649227142333984375000000000000
5.024524947847368139264290221035480499267578125000000000000000 0.000623443876264673235709778964519500732421875000000000000000 0.000000259126665014264290221035480499267578125000000000000000
5.026914435241902623374699032865464687347412109375000000000000 0.000545663024698939125300967134535312652587890625000000000000 0.000000161315714564125300967134535312652587890625000000000000
5.029298226594558940405477187596261501312255859375000000000000 0.000513632536300434594522812403738498687744140625000000000000 0.000000555754073872094522812403738498687744140625000000000000
5.031676348996484193776268512010574340820312500000000000000000 0.000504437136328306223731487989425659179687500000000000000000 0.000000897097265806223731487989425659179687500000000000000000
5.034048829347334219619369832798838615417480468750000000000000 0.000441755979814217880630167201161384582519531250000000000000 0.000000748902998282119369832798838615417480468750000000000000
5.036415694354950289834960130974650382995605468750000000000000 0.000455262065948147665039869025349617004394531250000000000000 0.000000594257294039834960130974650382995605468750000000000000
5.038776970537590216281387256458401679992675781250000000000000 0.000499152509284783718612743541598320007324218750000000000000 0.000000572832512091281387256458401679992675781250000000000000
5.041132684227303428770028403960168361663818359375000000000000 0.000386480811759071229971596039831638336181640625000000000000 0.000000710960701866270028403960168361663818359375000000000000
5.043482861569653863398343673907220363616943359375000000000000 0.000540652224291449101656326092779636383056640625000000000000 0.000000872561205511601656326092779636383056640625000000000000
5.045827528526018568300059996545314788818359375000000000000000 0.000521043251325181699940003454685211181640625000000000000000 0.000000337074567369199940003454685211181640625000000000000000
5.048166710876426321874532732181251049041748046875000000000000 0.000463049865761178125467267818748950958251953125000000000000 0.000000435852012259374532732181251049041748046875000000000000
5.050500434219912904154625721275806427001953125000000000000000 0.000429588973446470845374278724193572998046875000000000000000 0.000000435531063658345374278724193572998046875000000000000000
5.052828723976727332001246395520865917205810546875000000000000 0.000441615989092980498753604479134082794189453125000000000000 0.000001018454913292998753604479134082794189453125000000000000
5.055151605390115321370103629305958747863769531250000000000000 0.000399923540548741129896370694041252136230468750000000000000 0.000000619672341883870103629305958747863769531250000000000000
5.057469103527942877462919568642973899841308593750000000000000 0.000371243762096185037080431357026100158691406250000000000000 0.000000689221302252462919568642973899841308593750000000000000
5.059781243283580920433450955897569656372070312500000000000000 0.000326941530872204566549044102430343627929687500000000000000 0.000000784914661267066549044102430343627929687500000000000000
5.062088049378697718339026323519647121429443359375000000000000 0.000394784483606969160973676480352878570556640625000000000000 0.000000036683385218339026323519647121429443359375000000000000
5.064389546364292726821076939813792705535888671875000000000000 0.000414530784144773178923060186207294464111328125000000000000 0.000000636130824460678923060186207294464111328125000000000000
5.066685758622046620303080999292433261871337890625000000000000 0.000483430831078379696919000707566738128662109375000000000000 0.000000871626976817196919000707566738128662109375000000000000
5.068976710366264626372867496684193611145019531250000000000000 0.000536610556586936127132503315806388854980468750000000000000 0.000000645590766623627132503315806388854980468750000000000000
5.071262425644285087855678284540772438049316406250000000000000 0.000543528335207099644321715459227561950683593750000000000000 0.000000066025144462855678284540772438049316406250000000000000
5.073542928340458502134424634277820587158203125000000000000000 0.000580454227900872865575365722179412841796875000000000000000 0.000000620243525872865575365722179412841796875000000000000000
5.075818242174992889204077073372900485992431640625000000000000 0.000618754284968048295922926627099514007568359375000000000000 0.000000773327936798295922926627099514007568359375000000000000
5.078088390706973598298645811155438423156738281250000000000000 0.000633609415096714201354188844561576843261718750000000000000 0.000000369669002964201354188844561576843261718750000000000000
5.080353397335212406460414058528840541839599609375000000000000 0.000624996219475093539585941471159458160400390625000000000000 0.000000614132087406460414058528840541839599609375000000000000
5.082613285300233485486387507990002632141113281250000000000000 0.000611964943907139513612492009997367858886718750000000000000 0.000000293967225672986387507990002632141113281250000000000000
5.084868077684852494257938815280795097351074218750000000000000 0.000579233716514693242061184719204902648925781250000000000000 0.000000600267860306757938815280795097351074218750000000000000
5.087117797416158992973578278906643390655517578125000000000000 0.000498169380716007026421721093356609344482421875000000000000 0.000000351387551944526421721093356609344482421875000000000000
5.089362467267545042659548926167190074920654296875000000000000 0.000401174089876832340451073832809925079345703125000000000000 0.000000630876986207340451073832809925079345703125000000000000
5.091602109858516911344850086607038974761962890625000000000000 0.000387407353397151155149913392961025238037109375000000000000 0.000000215580936213655149913392961025238037109375000000000000
5.093836747657647379128320608288049697875976562500000000000000 0.000353849876532308371679391711950302124023437500000000000000 0.000000990379461995871679391711950302124023437500000000000000
5.096066402982188492387649603188037872314453125000000000000000 0.000388217379139632612350396811962127685546875000000000000000 0.000001025606678695112350396811962127685546875000000000000000
5.098291098001837440278904978185892105102539062500000000000000 0.000425637838006309721095021814107894897460937500000000000000 0.000000299092889122221095021814107894897460937500000000000000
5.100510854737649424350820481777191162109375000000000000000000 0.000490884764303700649179518222808837890625000000000000000000 0.000000696165670888149179518222808837890625000000000000000000
5.102725695064847855064726900309324264526367187500000000000000 0.000517179080659957435273099690675735473632812500000000000000 0.000000287601167769935273099690675735473632812500000000000000
5.104935640713378575128444936126470565795898437500000000000000 0.000504499057129237371555063873529434204101562500000000000000 0.000000959018066737371555063873529434204101562500000000000000
5.107140713269053833300858968868851661682128906250000000000000 0.000496692126453979199141031131148338317871093750000000000000 0.000000781481922729199141031131148338317871093750000000000000
5.109340934176334059202417847700417041778564453125000000000000 0.000440331082455003297582152299582958221435546875000000000000 0.000000266451724684202417847700417041778564453125000000000000
5.111536324737301129061961546540260314941406250000000000000000 0.000405966522464495938038453459739685058593750000000000000000 0.000000298736324566561961546540260314941406250000000000000000
5.113726906114528958369191968813538551330566406250000000000000 0.000368781751681979130808031186461448669433593750000000000000 0.000000663465549166630808031186461448669433593750000000000000
5.115912699332124446982561494223773479461669921875000000000000 0.000317311654203678017438505776226520538330078125000000000000 0.000000691781156803017438505776226520538330078125000000000000
5.118093725276196437334874644875526428222656250000000000000000 0.000297311711108250165125355124473571777343750000000000000000 0.000000234675610499834874644875526428222656250000000000000000
5.120270004696354959605741896666586399078369140625000000000000 0.000304946475520040394258103333413600921630859375000000000000 0.000000229305729959605741896666586399078369140625000000000000
5.122441558207537326552483136765658855438232421875000000000000 0.000351639424298610947516863234341144561767578125000000000000 0.000000687275861110947516863234341144561767578125000000000000
5.124608406290260376181322499178349971771240234375000000000000 0.000301948323997436318677500821650028228759765625000000000000 0.000000587240013061318677500821650028228759765625000000000000
5.126770569292542489847619435749948024749755859375000000000000 0.000153945477965322652380564250051975250244140625000000000000 0.000000549761292489847619435749948024749755859375000000000000
5.128928067430120307790275546722114086151123046875000000000000 0.000249026075739067209724453277885913848876953125000000000000 0.000000836595159370290275546722114086151123046875000000000000
5.131080920789205634946483769454061985015869140625000000000000 0.000262920763528740053516230545938014984130859375000000000000 0.000000293347799384946483769454061985015869140625000000000000
5.133229149325117646185390185564756393432617187500000000000000 0.000277625577226103814609814435243606567382812500000000000000 0.000000847323164521185390185564756393432617187500000000000000
5.135372772865789414709070115350186824798583984375000000000000 0.000228270835382460290929884649813175201416015625000000000000 0.000000611000555039709070115350186824798583984375000000000000
5.137511811112318582672742195427417755126953125000000000000000 0.000219741011704854827257804572582244873046875000000000000000 0.000000395918931417327257804572582244873046875000000000000000
5.139646283638612089816888328641653060913085937500000000000000 0.000240572440489472683111671358346939086914062500000000000000 0.000000246512755097683111671358346939086914062500000000000000
5.141776209894263871547082089819014072418212890625000000000000 0.000199192937767378452917910180985927581787109375000000000000 0.000000828679954878452917910180985927581787109375000000000000
5.143901609204579727929740329273045063018798828125000000000000 0.000103212572764022070259670726954936981201171875000000000000 0.000000215746592147070259670726954936981201171875000000000000
5.146022500771302077282598474994301795959472656250000000000000 0.000038442832213547717401525005698204040527343750000000000000 0.000000295859557297717401525005698204040527343750000000000000
5.148138903675704369788945768959820270538330078125000000000000 0.000102139415115942711054231040179729461669921875000000000000 0.000000857411055932288945768959820270538330078125000000000000
5.150250836876260507324332138523459434509277343750000000000000 0.000040605994833242675667861476540565490722656250000000000000 0.000000551673544180175667861476540565490722656250000000000000
5.152358319213636406175282900221645832061767578125000000000000 0.000002596924058906324717099778354167938232421875000000000000 0.000000689575426093824717099778354167938232421875000000000000
5.154461369408231519173568813130259513854980468750000000000000 0.000042424095731519173568813130259513854980468750000000000000 0.000000462425809644173568813130259513854980468750000000000000
5.156560006063127588049610494635999202728271484375000000000000 0.000029625814104150549610494635999202728271484375000000000000 0.000000891764020849450389505364000797271728515625000000000000
5.158654247664003378304187208414077758789062500000000000000000 0.000058208845644003304187208414077758789062500000000000000000 0.000000918961973184195812791585922241210937500000000000000000
5.160744112581504339232196798548102378845214843750000000000000 0.000053804964316839232196798548102378845214843750000000000000 0.000000399202598089232196798548102378845214843750000000000000
5.162829619070148368109585135243833065032958984375000000000000 0.000050764700031180609585135243833065032958984375000000000000 0.000000733713054756890414864756166934967041015625000000000000
5.164910785271764837034424999728798866271972656250000000000000 0.000010021613000787965575000271201133728027343750000000000000 0.000000484869836725465575000271201133728027343750000000000000
5.166987629214425226109597133472561836242675781250000000000000 0.000004978457589288609597133472561836242675781250000000000000 0.000000743588309148890402866527438163757324218750000000000000
5.169060168814247901991620892658829689025878906250000000000000 0.000067172598427589491620892658829689025878906250000000000000 0.000000415396279151991620892658829689025878906250000000000000
5.171128421876190373041026759892702102661132812500000000000000 0.000035434815643498041026759892702102661132812500000000000000 0.000000804808379939458973240107297897338867187500000000000000
5.173192406095022732870347681455314159393310546875000000000000 0.000014686978811795370347681455314159393310546875000000000000 0.000000571810250704629652318544685840606689453125000000000000
5.175252139056031097652521566487848758697509765625000000000000 0.000125109637085785152521566487848758697509765625000000000000 0.000000775372679839847478433512151241302490234375000000000000
5.177307638235948417104737018235027790069580078125000000000000 0.000019582816026542104737018235027790069580078125000000000000 0.000000509329698417104737018235027790069580078125000000000000
5.179358921004212135130728711374104022979736328125000000000000 0.000013866471373802369271288625895977020263671875000000000000 0.000000515030944114869271288625895977020263671875000000000000
5.181406004624083294629599549807608127593994140625000000000000 0.000059144301697955370400450192391872406005859375000000000000 0.000000016494080767870400450192391872406005859375000000000000
5.183448906251605592387932119891047477722167968750000000000000 0.000051383665386595112067880108952522277832031250000000000000 0.000000114747699342387932119891047477722167968750000000000000
5.185487642939300201305741211399435997009277343750000000000000 0.000015363042145111194258788600564002990722656250000000000000 0.000000104253082611194258788600564002990722656250000000000000
5.187522231635167457852730876766145229339599609375000000000000 0.000075043145105979647269123233854770660400390625000000000000 0.000000656548426292147269123233854770660400390625000000000000
5.189552689183258848970581311732530593872070312500000000000000 0.000110244166350526029418688267469406127929687500000000000000 0.000000382054352598970581311732530593872070312500000000000000
5.191579032326714582268323283642530441284179687500000000000000 0.000149559592230730231676716357469558715820312500000000000000 0.000000786398871355231676716357469558715820312500000000000000
5.193601277705390373284899396821856498718261718750000000000000 0.000149103764336189215100603178143501281738281250000000000000 0.000000330570976814215100603178143501281738281250000000000000
5.195619441859456344445789000019431114196777343750000000000000 0.000137470371988968054210999980568885803222656250000000000000 0.000000141270426468054210999980568885803222656250000000000000
5.197633541229059517263522138819098472595214843750000000000000 0.000246250030706107736477861180901527404785156250000000000000 0.000000202057073295236477861180901527404785156250000000000000
5.199643592155180016334270476363599300384521484375000000000000 0.000242729866304358665729523636400699615478515625000000000000 0.000000496589937171165729523636400699615478515625000000000000
5.201649610879986340705727343447506427764892578125000000000000 0.000174577352435534294272656552493572235107421875000000000000 0.000001008626849596794272656552493572235107421875000000000000
5.203651613548608168002829188480973243713378906250000000000000 0.000144773170141831997170811519026756286621093750000000000000 0.000000185325951918002829188480973243713378906250000000000000
